-19.617 -17.918 -65.742 21.549 18.130 -64.489 -97.767 -99.852 1.196 -44.832 -80.617 -86.047
55.941 91.765 -47.895 -11.194 30.244 36.604 -48.333 -55.818 -29.559 8.898 18.443
-29.721 43.285 -41.914 12.335 48.454 -49.748 -0.130 50.659 -46.491 -71.142 88.741 13.270 -28.791 -74.218 -91.646 44.909
-70.265 -30.124 -21.929 98.632 -19.004 38.797 61.091 -19.554 -17.198 55.517 26.236 -85.963 -43.554 45.917 39.808 46.155 -18.431 -58.418 -44.024 -29.553
94.899 10.627 -43.345 -47.638 13.833 40.365 81.702 -54.137 -60.876 -76.173 43.793 85.231 93.592 -98.484 -55.557 87.635 75.135 1.741 16.109 -5.317
23.908 93.450 34.786 24.335 -22.009 -24.344 -2.986 96.437 83.667 75.534 61.819 36.696 7.006 9.209 79.166 -96.021 -51.428 -42.692 35.646 8.955
30.673 95.855 37.440 -14.323 81.662 85.465 64.119 26.672 16.804 -79.763 -28.613
69.916 79.893 93.326 -39.825 -54.789 85.118 -84.786 -75.234 61.245 -51.265 48.239 52.916 18.988
-92.084 -68.770 4.687 51.093 -99.461 71.705 -15.624 -68.797 -82.497 63.305 -66.962 63.671 64.962 -43.583 31.186 -68.402 49.164 -89.152
84.761 -37.759 76.667 60.606 -74.345 -53.247 -36.957 59.066 71.074 -41.874 -1.911 97.203 30.472 58.949
93.872 -83.853 -44.151 10.830 -49.997 -69.212 -54.386 98.128 48.145 54.401 -85.481
72.263 57.414 70.094 68.347 -24.213 42.620 -44.860 47.769 33.658 -71.764 -99.294 99.067 64.692 -82.071 29.669
37.555 -24.229 48.028 -23.435 56.489 -56.910 -75.494 -4.430 -53.274 89.061 16.315 -44.290 -68.993 2.236 -9.524 -32.649
78.272 -96.625 -48.918 7.247 -96.013 78.101 -14.720 53.387 7.394 4.737 -76.458 92.301 -76.805 59.356 4.999
31.819 -5.304 77.082 -8.488 93.152 62.789 -23.227 99.591 -8.180 16.697
-39.134 13.141 -15.141 -63.366 -13.603 -48.246 78.233 -48.224 12.631 34.628 42.844 -0.531 43.859 -83.622
58.122 51.888 44.246 53.894 -26.832 -82.253 48.683 -18.020 23.857 65.062 -12.362 -97.730 9.710 -89.709
-96.052 64.943 -62.437 41.109 -38.506 -17.395 5.028 44.236 3.991 88.916 33.488 -44.941 4.070 -90.531 -11.598
95.073 14.938 51.436 48.488 -99.060 -72.943 90.434 -15.224 57.225 -48.107 6.340 -90.541 -6.543 -83.341 -33.666 89.430 -42.982 -27.919
-30.156 49.511 96.496 65.845 -95.051 -25.305 -64.616 27.365 -3.814 -92.728 64.146 52.994 -29.597 -39.921 3.808 69.194 17.462 -36.578 -100.664